Rules used: 1
1 easy (tadepalli)
backtracks: 0
248 317 695
961 528 437
573 946 128

615 793 284
829 164 573
734 285 961

186 479 352
392 851 746
457 632 819

Rules used: 1
2 medium (tadepalli)
backtracks: 0
463 712 598
152 498 736
879 653 421

217 349 685
345 867 912
986 521 347

621 935 874
794 186 253
538 274 169

Rules used: 1
3 hard (tadepalli)
backtracks: 1
179 854 326
856 293 147
342 176 958

215 987 634
694 321 875
738 645 219

423 568 791
987 412 563
561 739 482

Rules used: 1
4 evil (tadepalli)
backtracks: 1
821 456 379
594 327 168
376 981 452

243 879 615
167 542 983
958 613 724

419 265 837
685 734 291
732 198 546

Rules used: 1
5 easy (ventura/silva)
backtracks: 0
642 587 319
387 129 465
195 463 278

954 372 681
821 695 743
736 814 592

479 258 136
268 731 954
513 946 827

Rules used: 1
6 easy (ventura/silva)
backtracks: 0
712 845 369
985 326 741
346 971 258

671 584 932
593 162 874
428 739 516

869 453 127
154 297 683
237 618 495

Rules used: 1
7 easy (ventura/silva)        
backtracks: 0
964 237 815
538 916 427
217 845 639

192 768 354
785 423 961
346 591 278

821 374 596
473 659 182
659 182 743

Rules used: 1
8 medium (ventura/silva)
backtracks: 2
925 314 768
783 596 214
146 287 593

531 862 947
294 751 836
678 439 152

462 975 381
857 143 629
319 628 475

Rules used: 1
9 Evil (Wei Wu/Wei Zhang)
backtracks: 0
458 793 126
236 154 987
791 862 453

627 348 591
849 615 372
315 279 864

163 987 245
582 436 719
974 521 638

Rules used: 1
10 medium (ventura/silva)
backtracks: 1
847 315 629
523 896 417
961 274 538

398 741 265
415 628 973
672 539 184

156 487 392
734 962 851
289 153 746

Rules used: 1
11 hard (ventura/silva)
backtracks: 10
732 594 618
659 813 742
481 726 935

168 472 593
395 168 427
274 359 186

923 647 851
816 935 274
547 281 369

Rules used: 1
12 hard (ventura/silva)
backtracks: 19
497 163 852
615 428 937
328 597 641

579 842 163
283 651 794
146 739 528

832 975 416
961 284 375
754 316 289

Rules used: 1
13 hard (ventura/silva)
backtracks: 6
174 852 396
628 793 514
953 461 287

716 924 853
842 537 961
395 186 742

481 275 639
567 319 428
239 648 175

Rules used: 1
14 evil (ventura/silva)
backtracks: 7
278 136 954
356 794 182
491 528 376

569 281 437
824 673 591
137 945 628

912 367 845
785 419 263
643 852 719

Rules used: 1
15 evil (ventura/silva)
backtracks: 14
846 529 173
539 714 286
271 836 495

687 945 312
915 273 864
324 681 759

192 357 648
753 468 921
468 192 537

Rules used: 1
16 Evil (Wei Wu/Wei Zhang)
backtracks: 0
581 376 942
697 241 538
342 859 176

174 923 685
863 415 729
259 768 413

428 697 351
716 532 894
935 184 267

Rules used: 1
17 easy (lynn)
backtracks: 0
251 794 836
894 365 271
637 182 549

179 538 624
548 627 193
326 419 758

463 251 987
912 873 465
785 946 312

Rules used: 1
18 easy (lynn)
backtracks: 0
561 237 894
394 185 276
728 469 351

153 642 987
246 798 513
987 351 642

619 873 425
832 514 769
475 926 138

Rules used: 1
19 easy (brewster)
backtracks: 0
836 192 547
497 563 281
152 784 693

325 479 168
748 621 935
619 358 472

971 845 326
564 237 819
283 916 754

Rules used: 1
20 easy (brewster)
backtracks: 0
754 316 892
326 985 417
918 427 563

297 658 134
431 792 685
685 143 729

843 569 271
569 271 348
172 834 956

Rules used: 1
21 medium (lynn)
backtracks: 4
958 261 473
763 594 812
412 387 956

134 758 629
297 136 584
685 942 731

876 423 195
521 679 348
349 815 267

Rules used: 1
22 medium (lynn)
backtracks: 0
389 412 576
452 367 189
167 958 423

273 846 915
814 529 367
695 173 248

536 281 794
928 734 651
741 695 832

Rules used: 1
23 medium (brewster)
backtracks: 1
216 974 853
354 168 279
978 523 164

463 215 798
581 739 426
792 486 531

629 851 347
845 397 612
137 642 985

Rules used: 1
24 medium (brewster)
backtracks: 14
573 261 984
961 548 372
842 397 165

615 789 243
294 136 758
738 452 619

326 875 491
489 613 527
157 924 836

Rules used: 1
25 Evil (Wei Wu/Wei Zhang)
backtracks: 0
948 672 135
325 149 786
671 853 942

536 298 471
897 514 263
214 367 859

152 786 394
483 925 617
769 431 528

Rules used: 1
26 hard (lynn)
backtracks: 5
294 381 657
386 527 914
571 964 823

723 458 196
869 132 745
145 679 382

638 215 479
912 746 538
457 893 261

Rules used: 1
27 evil (brewster)
backtracks: 65
486 972 513
532 168 974
791 354 682

169 237 458
247 895 361
358 641 297

874 529 136
625 713 849
913 486 725

Rules used: 1
28 evil (brewster)
backtracks: 54
315 469 287
872 135 946
964 728 513

289 513 674
536 247 198
741 896 325

128 654 739
697 382 451
453 971 862

Rules used: 1
29 Easy (hillier)
backtracks: 0
345 297 681
918 635 247
267 184 935

723 819 456
694 573 812
581 462 379

156 948 723
879 321 564
432 756 198

Rules used: 1
30 Easy  (hillier)
backtracks: 0
691 854 372
358 267 914
247 913 685

136 479 528
529 138 467
784 625 139

863 542 791
975 381 246
412 796 853

Rules used: 1
31 Medium  (hillier)
backtracks: 2
189 572 346
327 946 815
645 138 972

712 395 684
896 724 531
453 861 297

268 419 753
974 253 168
531 687 429

Rules used: 1
32 Hard  (hillier)
backtracks: 96
419 738 265
672 459 138
538 261 794

854 976 321
721 385 649
963 124 857

247 893 516
185 642 973
396 517 482

Rules used: 1
33 Hard  (hillier)
backtracks: 1
861 247 593
549 638 271
372 195 486

186 453 729
425 769 138
793 821 654

617 982 345
258 314 967
934 576 812

Rules used: 1
34 Evil  (hillier)
backtracks: 145
386 195 472
291 734 586
475 628 931

137 469 258
624 587 319
958 213 647

713 952 864
562 841 793
849 376 125

Rules used: 1
35 Medium (Kyle)
backtracks: 0
534 891 627
186 237 549
972 654 381

251 476 893
493 582 716
768 319 254

619 725 438
327 148 965
845 963 172

Rules used: 1
36 Medium (Kyle)
backtracks: 0
456 382 917
318 579 624
297 461 853

835 714 296
172 693 548
649 258 731

964 127 385
523 846 179
781 935 462

Rules used: 1
37 Hard (Kyle)
backtracks: 0
453 987 162
267 413 589
198 625 473

832 169 745
576 348 921
914 572 836

649 731 258
321 854 697
785 296 314

Rules used: 1
38 Hard (Kyle)
backtracks: 1
413 659 782
257 831 496
986 427 531

769 283 154
132 745 968
845 916 327

528 194 673
691 378 245
374 562 819

Rules used: 1
39 Evil (Kyle)
backtracks: 44
256 471 839
813 926 457
749 583 621

425 198 763
368 247 195
197 365 248

631 852 974
982 734 516
574 619 382

Rules used: 1
40 Evil (Kyle)
backtracks: 4
845 362 197
761 895 324
293 174 658

928 516 473
614 237 589
537 489 261

486 923 715
152 748 936
379 651 842

Rules used: 1
41 easy (Kyle)
backtracks: 0
645 823 197
871 659 423
932 471 685

358 916 742
729 534 861
416 782 359

163 245 978
584 197 236
297 368 514

Rules used: 1
42 easy (Kyle)
backtracks: 0
984 265 731
573 891 264
126 347 598

657 134 982
319 628 475
248 579 316

791 482 653
832 756 149
465 913 827

Rules used: 1
43 easy (Judah)
backtracks: 0
512 786 934
967 134 528
834 529 176

425 371 869
371 698 452
689 452 713

743 865 291
196 247 385
258 913 647

Rules used: 1
44 easy (Judah)
backtracks: 0
678 594 123
593 127 468
124 836 597

986 742 351
317 659 284
245 318 976

859 463 712
462 971 835
731 285 649

Rules used: 1
45 medium (Judah)
backtracks: 0
285 361 497
473 892 156
196 547 283

329 158 764
617 924 835
548 673 921

762 485 319
851 739 642
934 216 578

Rules used: 1
46 medium (Judah)
backtracks: 0
178 654 293
254 739 681
396 821 457

829 346 715
615 278 934
437 915 826

742 583 169
983 167 542
561 492 378

Rules used: 1
47 hard (Judah)
backtracks: 1
924 167 835
168 593 274
573 248 169

741 625 398
285 931 746
396 784 512

659 312 487
837 459 621
412 876 953

Rules used: 1
48 evil (Judah)
backtracks: 3
468 235 791
793 481 652
125 769 384

584 692 137
271 354 869
936 817 425

612 578 943
849 123 576
357 946 218

Rules used: 1
49 Easy (Chaitanya)
backtracks: 0
946 371 582
875 492 316
321 865 749

593 286 174
687 134 295
412 759 638

758 643 921
139 528 467
264 917 853

Rules used: 1
50 Easy (Chaitanya)
backtracks: 0
834 925 617
672 814 953
519 637 824

325 749 168
468 153 792
791 268 435

187 592 346
953 476 281
246 381 579

Rules used: 1
51 Evil (Chaitanya)
backtracks: 1
481 263 579
327 945 618
965 781 243

298 457 136
746 132 985
153 896 427

534 628 791
612 379 854
879 514 362

Rules used: 1
52 Evil (Chaitanya)
backtracks: 35
814 793 625
935 628 147
276 154 839

359 416 782
628 579 314
741 832 956

582 961 473
493 287 561
167 345 298

Rules used: 1
53 Hard (Chaitanya)
backtracks: 17
235 918 674
761 254 983
489 376 215

943 165 827
526 897 341
817 423 569

652 749 138
178 532 496
394 681 752

Rules used: 1
54 Medium (Chaitanya)
backtracks: 1
318 642 597
724 915 368
596 873 124

985 237 641
132 486 759
647 591 283

851 764 932
279 358 416
463 129 875

Rules used: 1
55 easy (mcdougal)
backtracks: 0
397 562 841
641 738 925
528 419 736

836 124 579
415 976 382
972 385 614

159 847 263
763 291 458
284 653 197

Rules used: 1
56 medium (mcdougal)
backtracks: 1
287 163 495
391 245 867
546 987 231

138 576 924
659 324 178
724 819 356

973 458 612
862 731 549
415 692 783

Rules used: 1
57 medium (mcdougal)
backtracks: 1
972 435 186
431 628 975
685 971 342

329 586 417
548 713 629
716 249 538

857 164 293
193 852 764
264 397 851

Rules used: 1
58 hard (mcdougal)
backtracks: 1
275 146 983
398 725 461
641 398 275

132 457 896
567 839 142
489 261 357

953 682 714
726 914 538
814 573 629

Rules used: 1
59 hard (mcdougal)
backtracks: 6
725 461 398
618 239 574
394 587 621

581 642 937
432 795 186
976 318 245

867 953 412
153 824 769
249 176 853

Rules used: 1
60 evil (mcdougal)
backtracks: 102
328 976 145
614 385 927
579 412 836

196 238 574
752 164 398
843 597 261

267 853 419
935 641 782
481 729 653

Rules used: 1
61 Easy (knudson)
backtracks: 0
428 176 359
159 348 627
376 592 841

542 869 173
963 417 582
817 235 964

731 654 298
295 783 416
684 921 735

Rules used: 1
62 Easy (knudson)
backtracks: 0
257 396 481
481 752 369
639 184 752

865 973 214
942 618 537
713 245 896

174 539 628
396 827 145
528 461 973

Rules used: 1
63 Medium (knudson)
backtracks: 1
728 413 965
165 987 234
943 256 718

539 142 876
684 379 521
271 865 493

492 531 687
817 624 359
356 798 142

Rules used: 1
64 Medium (knudson)
backtracks: 1
963 451 287
784 239 516
125 678 493

418 397 652
679 542 138
532 186 749

891 764 325
257 913 864
346 825 971

Rules used: 1
65 Hard (knudson)
backtracks: 9
457 183 692
263 957 814
819 264 735

591 678 243
348 521 976
672 349 581

935 712 468
186 495 327
724 836 159

Rules used: 1
66 Hard (knudson)
backtracks: 30
618 435 279
427 896 135
935 271 648

143 789 562
592 614 783
876 523 491

781 362 954
359 147 826
264 958 317

Rules used: 1
67 Easy (Wei Wu/Wei Zhang)
backtracks: 0
768 941 325
913 562 784
452 873 196

276 135 849
539 486 217
841 297 563

627 314 958
385 629 471
194 758 632

Rules used: 1
68 Easy (Wei Wu/Wei Zhang)
backtracks: 0
318 945 276
952 617 384
467 832 591

731 526 849
629 481 753
845 793 612

173 254 968
286 179 435
594 368 127

Rules used: 1
69 Easy (Wei Wu/Wei Zhang)
backtracks: 0
291 485 367
837 962 145
654 173 928

583 214 679
749 638 512
162 759 483

325 841 796
478 596 231
916 327 854

Rules used: 1
70 Easy (Wei Wu/Wei Zhang)
backtracks: 1
713 425 896
258 196 347
649 837 512

536 914 278
984 752 631
127 683 459

392 561 784
875 249 163
461 378 925

Rules used: 1
71 Medium (Wei Wu/Wei Zhang)
backtracks: 9
419 835 267
827 964 135
536 271 948

258 196 473
671 342 859
394 758 621

742 519 386
963 487 512
185 623 794

Rules used: 1
72 Medium (Wei Wu/Wei Zhang)
backtracks: 78
924 387 561
137 965 248
568 142 397

752 436 819
841 759 623
693 821 475

475 298 136
289 613 754
316 574 982

Rules used: 1
73 Medium (Wei Wu/Wei Zhang)
backtracks: 3
439 681 572
768 542 139
152 397 846

387 219 465
521 468 397
694 753 218

916 824 753
275 136 984
843 975 621

Rules used: 1
74 Medium (Wei Wu/Wei Zhang)
backtracks: 78
378 691 452
261 354 789
459 287 631

147 865 923
982 143 576
536 972 814

814 739 265
793 526 148
625 418 397

Rules used: 1
75 Hard (Wei Wu/Wei Zhang)
backtracks: 16
316 827 594
487 965 123
952 314 678

543 671 289
628 493 751
791 582 436

174 238 965
865 749 312
239 156 847

Rules used: 1
76 Hard (Wei Wu/Wei Zhang)
backtracks: 0
891 243 765
536 798 421
427 165 983

269 514 378
348 679 152
715 382 694

182 936 547
653 427 819
974 851 236

Rules used: 1
77 Hard (Wei Wu/Wei Zhang)
backtracks: 41
729 368 154
153 249 867
684 751 239

597 623 481
461 895 723
832 174 596

316 482 975
948 537 612
275 916 348

Rules used: 2
1 easy (tadepalli)
backtracks: 0
248 317 695
961 528 437
573 946 128

615 793 284
829 164 573
734 285 961

186 479 352
392 851 746
457 632 819

Rules used: 2
2 medium (tadepalli)
backtracks: 0
463 712 598
152 498 736
879 653 421

217 349 685
345 867 912
986 521 347

621 935 874
794 186 253
538 274 169

Rules used: 2
3 hard (tadepalli)
backtracks: 0
179 854 326
856 293 147
342 176 958

215 987 634
694 321 875
738 645 219

423 568 791
987 412 563
561 739 482

Rules used: 2
4 evil (tadepalli)
backtracks: 1
821 456 379
594 327 168
376 981 452

243 879 615
167 542 983
958 613 724

419 265 837
685 734 291
732 198 546

Rules used: 2
5 easy (ventura/silva)
backtracks: 0
642 587 319
387 129 465
195 463 278

954 372 681
821 695 743
736 814 592

479 258 136
268 731 954
513 946 827

Rules used: 2
6 easy (ventura/silva)
backtracks: 0
712 845 369
985 326 741
346 971 258

671 584 932
593 162 874
428 739 516

869 453 127
154 297 683
237 618 495

Rules used: 2
7 easy (ventura/silva)        
backtracks: 0
964 237 815
538 916 427
217 845 639

192 768 354
785 423 961
346 591 278

821 374 596
473 659 182
659 182 743

Rules used: 2
8 medium (ventura/silva)
backtracks: 0
925 314 768
783 596 214
146 287 593

531 862 947
294 751 836
678 439 152

462 975 381
857 143 629
319 628 475

Rules used: 2
9 Evil (Wei Wu/Wei Zhang)
backtracks: 0
458 793 126
236 154 987
791 862 453

627 348 591
849 615 372
315 279 864

163 987 245
582 436 719
974 521 638

Rules used: 2
10 medium (ventura/silva)
backtracks: 3
847 315 629
523 896 417
961 274 538

398 741 265
415 628 973
672 539 184

156 487 392
734 962 851
289 153 746

Rules used: 2
11 hard (ventura/silva)
backtracks: 0
732 594 618
659 813 742
481 726 935

168 472 593
395 168 427
274 359 186

923 647 851
816 935 274
547 281 369

Rules used: 2
12 hard (ventura/silva)
backtracks: 4
497 163 852
615 428 937
328 597 641

579 842 163
283 651 794
146 739 528

832 975 416
961 284 375
754 316 289

Rules used: 2
13 hard (ventura/silva)
backtracks: 4
174 852 396
628 793 514
953 461 287

716 924 853
842 537 961
395 186 742

481 275 639
567 319 428
239 648 175

Rules used: 2
14 evil (ventura/silva)
backtracks: 0
278 136 954
356 794 182
491 528 376

569 281 437
824 673 591
137 945 628

912 367 845
785 419 263
643 852 719

Rules used: 2
15 evil (ventura/silva)
backtracks: 9
846 529 173
539 714 286
271 836 495

687 945 312
915 273 864
324 681 759

192 357 648
753 468 921
468 192 537

Rules used: 2
16 Evil (Wei Wu/Wei Zhang)
backtracks: 0
581 376 942
697 241 538
342 859 176

174 923 685
863 415 729
259 768 413

428 697 351
716 532 894
935 184 267

Rules used: 2
17 easy (lynn)
backtracks: 0
251 794 836
894 365 271
637 182 549

179 538 624
548 627 193
326 419 758

463 251 987
912 873 465
785 946 312

Rules used: 2
18 easy (lynn)
backtracks: 0
561 237 894
394 185 276
728 469 351

153 642 987
246 798 513
987 351 642

619 873 425
832 514 769
475 926 138

Rules used: 2
19 easy (brewster)
backtracks: 0
836 192 547
497 563 281
152 784 693

325 479 168
748 621 935
619 358 472

971 845 326
564 237 819
283 916 754

Rules used: 2
20 easy (brewster)
backtracks: 0
754 316 892
326 985 417
918 427 563

297 658 134
431 792 685
685 143 729

843 569 271
569 271 348
172 834 956

Rules used: 2
21 medium (lynn)
backtracks: 1
958 261 473
763 594 812
412 387 956

134 758 629
297 136 584
685 942 731

876 423 195
521 679 348
349 815 267

Rules used: 2
22 medium (lynn)
backtracks: 0
389 412 576
452 367 189
167 958 423

273 846 915
814 529 367
695 173 248

536 281 794
928 734 651
741 695 832

Rules used: 2
23 medium (brewster)
backtracks: 0
216 974 853
354 168 279
978 523 164

463 215 798
581 739 426
792 486 531

629 851 347
845 397 612
137 642 985

Rules used: 2
24 medium (brewster)
backtracks: 7
573 261 984
961 548 372
842 397 165

615 789 243
294 136 758
738 452 619

326 875 491
489 613 527
157 924 836

Rules used: 2
25 Evil (Wei Wu/Wei Zhang)
backtracks: 0
948 672 135
325 149 786
671 853 942

536 298 471
897 514 263
214 367 859

152 786 394
483 925 617
769 431 528

Rules used: 2
26 hard (lynn)
backtracks: 2
294 381 657
386 527 914
571 964 823

723 458 196
869 132 745
145 679 382

638 215 479
912 746 538
457 893 261

Rules used: 2
27 evil (brewster)
backtracks: 49
486 972 513
532 168 974
791 354 682

169 237 458
247 895 361
358 641 297

874 529 136
625 713 849
913 486 725

Rules used: 2
28 evil (brewster)
backtracks: 12
315 469 287
872 135 946
964 728 513

289 513 674
536 247 198
741 896 325

128 654 739
697 382 451
453 971 862

Rules used: 2
29 Easy (hillier)
backtracks: 0
345 297 681
918 635 247
267 184 935

723 819 456
694 573 812
581 462 379

156 948 723
879 321 564
432 756 198

Rules used: 2
30 Easy  (hillier)
backtracks: 0
691 854 372
358 267 914
247 913 685

136 479 528
529 138 467
784 625 139

863 542 791
975 381 246
412 796 853

Rules used: 2
31 Medium  (hillier)
backtracks: 1
189 572 346
327 946 815
645 138 972

712 395 684
896 724 531
453 861 297

268 419 753
974 253 168
531 687 429

Rules used: 2
32 Hard  (hillier)
backtracks: 13
419 738 265
672 459 138
538 261 794

854 976 321
721 385 649
963 124 857

247 893 516
185 642 973
396 517 482

Rules used: 2
33 Hard  (hillier)
backtracks: 0
861 247 593
549 638 271
372 195 486

186 453 729
425 769 138
793 821 654

617 982 345
258 314 967
934 576 812

Rules used: 2
34 Evil  (hillier)
backtracks: 37
386 195 472
291 734 586
475 628 931

137 469 258
624 587 319
958 213 647

713 952 864
562 841 793
849 376 125

Rules used: 2
35 Medium (Kyle)
backtracks: 0
534 891 627
186 237 549
972 654 381

251 476 893
493 582 716
768 319 254

619 725 438
327 148 965
845 963 172

Rules used: 2
36 Medium (Kyle)
backtracks: 0
456 382 917
318 579 624
297 461 853

835 714 296
172 693 548
649 258 731

964 127 385
523 846 179
781 935 462

Rules used: 2
37 Hard (Kyle)
backtracks: 5
453 987 162
267 413 589
198 625 473

832 169 745
576 348 921
914 572 836

649 731 258
321 854 697
785 296 314

Rules used: 2
38 Hard (Kyle)
backtracks: 1
413 659 782
257 831 496
986 427 531

769 283 154
132 745 968
845 916 327

528 194 673
691 378 245
374 562 819

Rules used: 2
39 Evil (Kyle)
backtracks: 12
256 471 839
813 926 457
749 583 621

425 198 763
368 247 195
197 365 248

631 852 974
982 734 516
574 619 382

Rules used: 2
40 Evil (Kyle)
backtracks: 1
845 362 197
761 895 324
293 174 658

928 516 473
614 237 589
537 489 261

486 923 715
152 748 936
379 651 842

Rules used: 2
41 easy (Kyle)
backtracks: 0
645 823 197
871 659 423
932 471 685

358 916 742
729 534 861
416 782 359

163 245 978
584 197 236
297 368 514

Rules used: 2
42 easy (Kyle)
backtracks: 0
984 265 731
573 891 264
126 347 598

657 134 982
319 628 475
248 579 316

791 482 653
832 756 149
465 913 827

Rules used: 2
43 easy (Judah)
backtracks: 0
512 786 934
967 134 528
834 529 176

425 371 869
371 698 452
689 452 713

743 865 291
196 247 385
258 913 647

Rules used: 2
44 easy (Judah)
backtracks: 0
678 594 123
593 127 468
124 836 597

986 742 351
317 659 284
245 318 976

859 463 712
462 971 835
731 285 649

Rules used: 2
45 medium (Judah)
backtracks: 0
285 361 497
473 892 156
196 547 283

329 158 764
617 924 835
548 673 921

762 485 319
851 739 642
934 216 578

Rules used: 2
46 medium (Judah)
backtracks: 0
178 654 293
254 739 681
396 821 457

829 346 715
615 278 934
437 915 826

742 583 169
983 167 542
561 492 378

Rules used: 2
47 hard (Judah)
backtracks: 1
924 167 835
168 593 274
573 248 169

741 625 398
285 931 746
396 784 512

659 312 487
837 459 621
412 876 953

Rules used: 2
48 evil (Judah)
backtracks: 1
468 235 791
793 481 652
125 769 384

584 692 137
271 354 869
936 817 425

612 578 943
849 123 576
357 946 218

Rules used: 2
49 Easy (Chaitanya)
backtracks: 0
946 371 582
875 492 316
321 865 749

593 286 174
687 134 295
412 759 638

758 643 921
139 528 467
264 917 853

Rules used: 2
50 Easy (Chaitanya)
backtracks: 0
834 925 617
672 814 953
519 637 824

325 749 168
468 153 792
791 268 435

187 592 346
953 476 281
246 381 579

Rules used: 2
51 Evil (Chaitanya)
backtracks: 1
481 263 579
327 945 618
965 781 243

298 457 136
746 132 985
153 896 427

534 628 791
612 379 854
879 514 362

Rules used: 2
52 Evil (Chaitanya)
backtracks: 1
814 793 625
935 628 147
276 154 839

359 416 782
628 579 314
741 832 956

582 961 473
493 287 561
167 345 298

Rules used: 2
53 Hard (Chaitanya)
backtracks: 0
235 918 674
761 254 983
489 376 215

943 165 827
526 897 341
817 423 569

652 749 138
178 532 496
394 681 752

Rules used: 2
54 Medium (Chaitanya)
backtracks: 0
318 642 597
724 915 368
596 873 124

985 237 641
132 486 759
647 591 283

851 764 932
279 358 416
463 129 875

Rules used: 2
55 easy (mcdougal)
backtracks: 0
397 562 841
641 738 925
528 419 736

836 124 579
415 976 382
972 385 614

159 847 263
763 291 458
284 653 197

Rules used: 2
56 medium (mcdougal)
backtracks: 3
287 163 495
391 245 867
546 987 231

138 576 924
659 324 178
724 819 356

973 458 612
862 731 549
415 692 783

Rules used: 2
57 medium (mcdougal)
backtracks: 1
972 435 186
431 628 975
685 971 342

329 586 417
548 713 629
716 249 538

857 164 293
193 852 764
264 397 851

Rules used: 2
58 hard (mcdougal)
backtracks: 1
275 146 983
398 725 461
641 398 275

132 457 896
567 839 142
489 261 357

953 682 714
726 914 538
814 573 629

Rules used: 2
59 hard (mcdougal)
backtracks: 1
725 461 398
618 239 574
394 587 621

581 642 937
432 795 186
976 318 245

867 953 412
153 824 769
249 176 853

Rules used: 2
60 evil (mcdougal)
backtracks: 0
328 976 145
614 385 927
579 412 836

196 238 574
752 164 398
843 597 261

267 853 419
935 641 782
481 729 653

Rules used: 2
61 Easy (knudson)
backtracks: 0
428 176 359
159 348 627
376 592 841

542 869 173
963 417 582
817 235 964

731 654 298
295 783 416
684 921 735

Rules used: 2
62 Easy (knudson)
backtracks: 0
257 396 481
481 752 369
639 184 752

865 973 214
942 618 537
713 245 896

174 539 628
396 827 145
528 461 973

Rules used: 2
63 Medium (knudson)
backtracks: 0
728 413 965
165 987 234
943 256 718

539 142 876
684 379 521
271 865 493

492 531 687
817 624 359
356 798 142

Rules used: 2
64 Medium (knudson)
backtracks: 1
963 451 287
784 239 516
125 678 493

418 397 652
679 542 138
532 186 749

891 764 325
257 913 864
346 825 971

Rules used: 2
65 Hard (knudson)
backtracks: 1
457 183 692
263 957 814
819 264 735

591 678 243
348 521 976
672 349 581

935 712 468
186 495 327
724 836 159

Rules used: 2
66 Hard (knudson)
backtracks: 8
618 435 279
427 896 135
935 271 648

143 789 562
592 614 783
876 523 491

781 362 954
359 147 826
264 958 317

Rules used: 2
67 Easy (Wei Wu/Wei Zhang)
backtracks: 0
768 941 325
913 562 784
452 873 196

276 135 849
539 486 217
841 297 563

627 314 958
385 629 471
194 758 632

Rules used: 2
68 Easy (Wei Wu/Wei Zhang)
backtracks: 0
318 945 276
952 617 384
467 832 591

731 526 849
629 481 753
845 793 612

173 254 968
286 179 435
594 368 127

Rules used: 2
69 Easy (Wei Wu/Wei Zhang)
backtracks: 0
291 485 367
837 962 145
654 173 928

583 214 679
749 638 512
162 759 483

325 841 796
478 596 231
916 327 854

Rules used: 2
70 Easy (Wei Wu/Wei Zhang)
backtracks: 0
713 425 896
258 196 347
649 837 512

536 914 278
984 752 631
127 683 459

392 561 784
875 249 163
461 378 925

Rules used: 2
71 Medium (Wei Wu/Wei Zhang)
backtracks: 0
419 835 267
827 964 135
536 271 948

258 196 473
671 342 859
394 758 621

742 519 386
963 487 512
185 623 794

Rules used: 2
72 Medium (Wei Wu/Wei Zhang)
backtracks: 1
924 387 561
137 965 248
568 142 397

752 436 819
841 759 623
693 821 475

475 298 136
289 613 754
316 574 982

Rules used: 2
73 Medium (Wei Wu/Wei Zhang)
backtracks: 0
439 681 572
768 542 139
152 397 846

387 219 465
521 468 397
694 753 218

916 824 753
275 136 984
843 975 621

Rules used: 2
74 Medium (Wei Wu/Wei Zhang)
backtracks: 1
378 691 452
261 354 789
459 287 631

147 865 923
982 143 576
536 972 814

814 739 265
793 526 148
625 418 397

Rules used: 2
75 Hard (Wei Wu/Wei Zhang)
backtracks: 15
316 827 594
487 965 123
952 314 678

543 671 289
628 493 751
791 582 436

174 238 965
865 749 312
239 156 847

Rules used: 2
76 Hard (Wei Wu/Wei Zhang)
backtracks: 8
891 243 765
536 798 421
427 165 983

269 514 378
348 679 152
715 382 694

182 936 547
653 427 819
974 851 236

Rules used: 2
77 Hard (Wei Wu/Wei Zhang)
backtracks: 2
729 368 154
153 249 867
684 751 239

597 623 481
461 895 723
832 174 596

316 482 975
948 537 612
275 916 348

Rules used: 3
1 easy (tadepalli)
backtracks: 0
248 317 695
961 528 437
573 946 128

615 793 284
829 164 573
734 285 961

186 479 352
392 851 746
457 632 819

Rules used: 3
2 medium (tadepalli)
backtracks: 0
463 712 598
152 498 736
879 653 421

217 349 685
345 867 912
986 521 347

621 935 874
794 186 253
538 274 169

Rules used: 3
3 hard (tadepalli)
backtracks: 0
179 854 326
856 293 147
342 176 958

215 987 634
694 321 875
738 645 219

423 568 791
987 412 563
561 739 482

Rules used: 3
4 evil (tadepalli)
backtracks: 1
821 456 379
594 327 168
376 981 452

243 879 615
167 542 983
958 613 724

419 265 837
685 734 291
732 198 546

Rules used: 3
5 easy (ventura/silva)
backtracks: 0
642 587 319
387 129 465
195 463 278

954 372 681
821 695 743
736 814 592

479 258 136
268 731 954
513 946 827

Rules used: 3
6 easy (ventura/silva)
backtracks: 0
712 845 369
985 326 741
346 971 258

671 584 932
593 162 874
428 739 516

869 453 127
154 297 683
237 618 495

Rules used: 3
7 easy (ventura/silva)        
backtracks: 0
964 237 815
538 916 427
217 845 639

192 768 354
785 423 961
346 591 278

821 374 596
473 659 182
659 182 743

Rules used: 3
8 medium (ventura/silva)
backtracks: 0
925 314 768
783 596 214
146 287 593

531 862 947
294 751 836
678 439 152

462 975 381
857 143 629
319 628 475

Rules used: 3
9 Evil (Wei Wu/Wei Zhang)
backtracks: 0
458 793 126
236 154 987
791 862 453

627 348 591
849 615 372
315 279 864

163 987 245
582 436 719
974 521 638

Rules used: 3
10 medium (ventura/silva)
backtracks: 0
847 315 629
523 896 417
961 274 538

398 741 265
415 628 973
672 539 184

156 487 392
734 962 851
289 153 746

Rules used: 3
11 hard (ventura/silva)
backtracks: 0
732 594 618
659 813 742
481 726 935

168 472 593
395 168 427
274 359 186

923 647 851
816 935 274
547 281 369

Rules used: 3
12 hard (ventura/silva)
backtracks: 0
497 163 852
615 428 937
328 597 641

579 842 163
283 651 794
146 739 528

832 975 416
961 284 375
754 316 289

Rules used: 3
13 hard (ventura/silva)
backtracks: 1
174 852 396
628 793 514
953 461 287

716 924 853
842 537 961
395 186 742

481 275 639
567 319 428
239 648 175

Rules used: 3
14 evil (ventura/silva)
backtracks: 0
278 136 954
356 794 182
491 528 376

569 281 437
824 673 591
137 945 628

912 367 845
785 419 263
643 852 719

Rules used: 3
15 evil (ventura/silva)
backtracks: 0
846 529 173
539 714 286
271 836 495

687 945 312
915 273 864
324 681 759

192 357 648
753 468 921
468 192 537

Rules used: 3
16 Evil (Wei Wu/Wei Zhang)
backtracks: 0
581 376 942
697 241 538
342 859 176

174 923 685
863 415 729
259 768 413

428 697 351
716 532 894
935 184 267

Rules used: 3
17 easy (lynn)
backtracks: 0
251 794 836
894 365 271
637 182 549

179 538 624
548 627 193
326 419 758

463 251 987
912 873 465
785 946 312

Rules used: 3
18 easy (lynn)
backtracks: 0
561 237 894
394 185 276
728 469 351

153 642 987
246 798 513
987 351 642

619 873 425
832 514 769
475 926 138

Rules used: 3
19 easy (brewster)
backtracks: 0
836 192 547
497 563 281
152 784 693

325 479 168
748 621 935
619 358 472

971 845 326
564 237 819
283 916 754

Rules used: 3
20 easy (brewster)
backtracks: 0
754 316 892
326 985 417
918 427 563

297 658 134
431 792 685
685 143 729

843 569 271
569 271 348
172 834 956

Rules used: 3
21 medium (lynn)
backtracks: 0
958 261 473
763 594 812
412 387 956

134 758 629
297 136 584
685 942 731

876 423 195
521 679 348
349 815 267

Rules used: 3
22 medium (lynn)
backtracks: 0
389 412 576
452 367 189
167 958 423

273 846 915
814 529 367
695 173 248

536 281 794
928 734 651
741 695 832

Rules used: 3
23 medium (brewster)
backtracks: 0
216 974 853
354 168 279
978 523 164

463 215 798
581 739 426
792 486 531

629 851 347
845 397 612
137 642 985

Rules used: 3
24 medium (brewster)
backtracks: 0
573 261 984
961 548 372
842 397 165

615 789 243
294 136 758
738 452 619

326 875 491
489 613 527
157 924 836

Rules used: 3
25 Evil (Wei Wu/Wei Zhang)
backtracks: 0
948 672 135
325 149 786
671 853 942

536 298 471
897 514 263
214 367 859

152 786 394
483 925 617
769 431 528

Rules used: 3
26 hard (lynn)
backtracks: 1
294 381 657
386 527 914
571 964 823

723 458 196
869 132 745
145 679 382

638 215 479
912 746 538
457 893 261

Rules used: 3
27 evil (brewster)
backtracks: 1
486 972 513
532 168 974
791 354 682

169 237 458
247 895 361
358 641 297

874 529 136
625 713 849
913 486 725

Rules used: 3
28 evil (brewster)
backtracks: 3
315 469 287
872 135 946
964 728 513

289 513 674
536 247 198
741 896 325

128 654 739
697 382 451
453 971 862

Rules used: 3
29 Easy (hillier)
backtracks: 0
345 297 681
918 635 247
267 184 935

723 819 456
694 573 812
581 462 379

156 948 723
879 321 564
432 756 198

Rules used: 3
30 Easy  (hillier)
backtracks: 0
691 854 372
358 267 914
247 913 685

136 479 528
529 138 467
784 625 139

863 542 791
975 381 246
412 796 853

Rules used: 3
31 Medium  (hillier)
backtracks: 0
189 572 346
327 946 815
645 138 972

712 395 684
896 724 531
453 861 297

268 419 753
974 253 168
531 687 429

Rules used: 3
32 Hard  (hillier)
backtracks: 9
419 738 265
672 459 138
538 261 794

854 976 321
721 385 649
963 124 857

247 893 516
185 642 973
396 517 482

Rules used: 3
33 Hard  (hillier)
backtracks: 0
861 247 593
549 638 271
372 195 486

186 453 729
425 769 138
793 821 654

617 982 345
258 314 967
934 576 812

Rules used: 3
34 Evil  (hillier)
backtracks: 0
386 195 472
291 734 586
475 628 931

137 469 258
624 587 319
958 213 647

713 952 864
562 841 793
849 376 125

Rules used: 3
35 Medium (Kyle)
backtracks: 0
534 891 627
186 237 549
972 654 381

251 476 893
493 582 716
768 319 254

619 725 438
327 148 965
845 963 172

Rules used: 3
36 Medium (Kyle)
backtracks: 0
456 382 917
318 579 624
297 461 853

835 714 296
172 693 548
649 258 731

964 127 385
523 846 179
781 935 462

Rules used: 3
37 Hard (Kyle)
backtracks: 0
453 987 162
267 413 589
198 625 473

832 169 745
576 348 921
914 572 836

649 731 258
321 854 697
785 296 314

Rules used: 3
38 Hard (Kyle)
backtracks: 0
413 659 782
257 831 496
986 427 531

769 283 154
132 745 968
845 916 327

528 194 673
691 378 245
374 562 819

Rules used: 3
39 Evil (Kyle)
backtracks: 0
256 471 839
813 926 457
749 583 621

425 198 763
368 247 195
197 365 248

631 852 974
982 734 516
574 619 382

Rules used: 3
40 Evil (Kyle)
backtracks: 0
845 362 197
761 895 324
293 174 658

928 516 473
614 237 589
537 489 261

486 923 715
152 748 936
379 651 842

Rules used: 3
41 easy (Kyle)
backtracks: 0
645 823 197
871 659 423
932 471 685

358 916 742
729 534 861
416 782 359

163 245 978
584 197 236
297 368 514

Rules used: 3
42 easy (Kyle)
backtracks: 0
984 265 731
573 891 264
126 347 598

657 134 982
319 628 475
248 579 316

791 482 653
832 756 149
465 913 827

Rules used: 3
43 easy (Judah)
backtracks: 0
512 786 934
967 134 528
834 529 176

425 371 869
371 698 452
689 452 713

743 865 291
196 247 385
258 913 647

Rules used: 3
44 easy (Judah)
backtracks: 0
678 594 123
593 127 468
124 836 597

986 742 351
317 659 284
245 318 976

859 463 712
462 971 835
731 285 649

Rules used: 3
45 medium (Judah)
backtracks: 0
285 361 497
473 892 156
196 547 283

329 158 764
617 924 835
548 673 921

762 485 319
851 739 642
934 216 578

Rules used: 3
46 medium (Judah)
backtracks: 0
178 654 293
254 739 681
396 821 457

829 346 715
615 278 934
437 915 826

742 583 169
983 167 542
561 492 378

Rules used: 3
47 hard (Judah)
backtracks: 0
924 167 835
168 593 274
573 248 169

741 625 398
285 931 746
396 784 512

659 312 487
837 459 621
412 876 953

Rules used: 3
48 evil (Judah)
backtracks: 0
468 235 791
793 481 652
125 769 384

584 692 137
271 354 869
936 817 425

612 578 943
849 123 576
357 946 218

Rules used: 3
49 Easy (Chaitanya)
backtracks: 0
946 371 582
875 492 316
321 865 749

593 286 174
687 134 295
412 759 638

758 643 921
139 528 467
264 917 853

Rules used: 3
50 Easy (Chaitanya)
backtracks: 0
834 925 617
672 814 953
519 637 824

325 749 168
468 153 792
791 268 435

187 592 346
953 476 281
246 381 579

Rules used: 3
51 Evil (Chaitanya)
backtracks: 3
481 263 579
327 945 618
965 781 243

298 457 136
746 132 985
153 896 427

534 628 791
612 379 854
879 514 362

Rules used: 3
52 Evil (Chaitanya)
backtracks: 0
814 793 625
935 628 147
276 154 839

359 416 782
628 579 314
741 832 956

582 961 473
493 287 561
167 345 298

Rules used: 3
53 Hard (Chaitanya)
backtracks: 0
235 918 674
761 254 983
489 376 215

943 165 827
526 897 341
817 423 569

652 749 138
178 532 496
394 681 752

Rules used: 3
54 Medium (Chaitanya)
backtracks: 0
318 642 597
724 915 368
596 873 124

985 237 641
132 486 759
647 591 283

851 764 932
279 358 416
463 129 875

Rules used: 3
55 easy (mcdougal)
backtracks: 0
397 562 841
641 738 925
528 419 736

836 124 579
415 976 382
972 385 614

159 847 263
763 291 458
284 653 197

Rules used: 3
56 medium (mcdougal)
backtracks: 0
287 163 495
391 245 867
546 987 231

138 576 924
659 324 178
724 819 356

973 458 612
862 731 549
415 692 783

Rules used: 3
57 medium (mcdougal)
backtracks: 1
972 435 186
431 628 975
685 971 342

329 586 417
548 713 629
716 249 538

857 164 293
193 852 764
264 397 851

Rules used: 3
58 hard (mcdougal)
backtracks: 0
275 146 983
398 725 461
641 398 275

132 457 896
567 839 142
489 261 357

953 682 714
726 914 538
814 573 629

Rules used: 3
59 hard (mcdougal)
backtracks: 0
725 461 398
618 239 574
394 587 621

581 642 937
432 795 186
976 318 245

867 953 412
153 824 769
249 176 853

Rules used: 3
60 evil (mcdougal)
backtracks: 0
328 976 145
614 385 927
579 412 836

196 238 574
752 164 398
843 597 261

267 853 419
935 641 782
481 729 653

Rules used: 3
61 Easy (knudson)
backtracks: 0
428 176 359
159 348 627
376 592 841

542 869 173
963 417 582
817 235 964

731 654 298
295 783 416
684 921 735

Rules used: 3
62 Easy (knudson)
backtracks: 0
257 396 481
481 752 369
639 184 752

865 973 214
942 618 537
713 245 896

174 539 628
396 827 145
528 461 973

Rules used: 3
63 Medium (knudson)
backtracks: 0
728 413 965
165 987 234
943 256 718

539 142 876
684 379 521
271 865 493

492 531 687
817 624 359
356 798 142

Rules used: 3
64 Medium (knudson)
backtracks: 0
963 451 287
784 239 516
125 678 493

418 397 652
679 542 138
532 186 749

891 764 325
257 913 864
346 825 971

Rules used: 3
65 Hard (knudson)
backtracks: 0
457 183 692
263 957 814
819 264 735

591 678 243
348 521 976
672 349 581

935 712 468
186 495 327
724 836 159

Rules used: 3
66 Hard (knudson)
backtracks: 0
618 435 279
427 896 135
935 271 648

143 789 562
592 614 783
876 523 491

781 362 954
359 147 826
264 958 317

Rules used: 3
67 Easy (Wei Wu/Wei Zhang)
backtracks: 0
768 941 325
913 562 784
452 873 196

276 135 849
539 486 217
841 297 563

627 314 958
385 629 471
194 758 632

Rules used: 3
68 Easy (Wei Wu/Wei Zhang)
backtracks: 0
318 945 276
952 617 384
467 832 591

731 526 849
629 481 753
845 793 612

173 254 968
286 179 435
594 368 127

Rules used: 3
69 Easy (Wei Wu/Wei Zhang)
backtracks: 0
291 485 367
837 962 145
654 173 928

583 214 679
749 638 512
162 759 483

325 841 796
478 596 231
916 327 854

Rules used: 3
70 Easy (Wei Wu/Wei Zhang)
backtracks: 0
713 425 896
258 196 347
649 837 512

536 914 278
984 752 631
127 683 459

392 561 784
875 249 163
461 378 925

Rules used: 3
71 Medium (Wei Wu/Wei Zhang)
backtracks: 0
419 835 267
827 964 135
536 271 948

258 196 473
671 342 859
394 758 621

742 519 386
963 487 512
185 623 794

Rules used: 3
72 Medium (Wei Wu/Wei Zhang)
backtracks: 0
924 387 561
137 965 248
568 142 397

752 436 819
841 759 623
693 821 475

475 298 136
289 613 754
316 574 982

Rules used: 3
73 Medium (Wei Wu/Wei Zhang)
backtracks: 0
439 681 572
768 542 139
152 397 846

387 219 465
521 468 397
694 753 218

916 824 753
275 136 984
843 975 621

Rules used: 3
74 Medium (Wei Wu/Wei Zhang)
backtracks: 0
378 691 452
261 354 789
459 287 631

147 865 923
982 143 576
536 972 814

814 739 265
793 526 148
625 418 397

Rules used: 3
75 Hard (Wei Wu/Wei Zhang)
backtracks: 3
316 827 594
487 965 123
952 314 678

543 671 289
628 493 751
791 582 436

174 238 965
865 749 312
239 156 847

Rules used: 3
76 Hard (Wei Wu/Wei Zhang)
backtracks: 9
891 243 765
536 798 421
427 165 983

269 514 378
348 679 152
715 382 694

182 936 547
653 427 819
974 851 236

Rules used: 3
77 Hard (Wei Wu/Wei Zhang)
backtracks: 1
729 368 154
153 249 867
684 751 239

597 623 481
461 895 723
832 174 596

316 482 975
948 537 612
275 916 348

Rules used: 4
1 easy (tadepalli)
backtracks: 0
248 317 695
961 528 437
573 946 128

615 793 284
829 164 573
734 285 961

186 479 352
392 851 746
457 632 819

Rules used: 4
2 medium (tadepalli)
backtracks: 0
463 712 598
152 498 736
879 653 421

217 349 685
345 867 912
986 521 347

621 935 874
794 186 253
538 274 169

Rules used: 4
3 hard (tadepalli)
backtracks: 0
179 854 326
856 293 147
342 176 958

215 987 634
694 321 875
738 645 219

423 568 791
987 412 563
561 739 482

Rules used: 4
4 evil (tadepalli)
backtracks: 1
821 456 379
594 327 168
376 981 452

243 879 615
167 542 983
958 613 724

419 265 837
685 734 291
732 198 546

Rules used: 4
5 easy (ventura/silva)
backtracks: 0
642 587 319
387 129 465
195 463 278

954 372 681
821 695 743
736 814 592

479 258 136
268 731 954
513 946 827

Rules used: 4
6 easy (ventura/silva)
backtracks: 0
712 845 369
985 326 741
346 971 258

671 584 932
593 162 874
428 739 516

869 453 127
154 297 683
237 618 495

Rules used: 4
7 easy (ventura/silva)        
backtracks: 0
964 237 815
538 916 427
217 845 639

192 768 354
785 423 961
346 591 278

821 374 596
473 659 182
659 182 743

Rules used: 4
8 medium (ventura/silva)
backtracks: 0
925 314 768
783 596 214
146 287 593

531 862 947
294 751 836
678 439 152

462 975 381
857 143 629
319 628 475

Rules used: 4
9 Evil (Wei Wu/Wei Zhang)
backtracks: 0
458 793 126
236 154 987
791 862 453

627 348 591
849 615 372
315 279 864

163 987 245
582 436 719
974 521 638

Rules used: 4
10 medium (ventura/silva)
backtracks: 0
847 315 629
523 896 417
961 274 538

398 741 265
415 628 973
672 539 184

156 487 392
734 962 851
289 153 746

Rules used: 4
11 hard (ventura/silva)
backtracks: 0
732 594 618
659 813 742
481 726 935

168 472 593
395 168 427
274 359 186

923 647 851
816 935 274
547 281 369

Rules used: 4
12 hard (ventura/silva)
backtracks: 0
497 163 852
615 428 937
328 597 641

579 842 163
283 651 794
146 739 528

832 975 416
961 284 375
754 316 289

Rules used: 4
13 hard (ventura/silva)
backtracks: 1
174 852 396
628 793 514
953 461 287

716 924 853
842 537 961
395 186 742

481 275 639
567 319 428
239 648 175

Rules used: 4
14 evil (ventura/silva)
backtracks: 0
278 136 954
356 794 182
491 528 376

569 281 437
824 673 591
137 945 628

912 367 845
785 419 263
643 852 719

Rules used: 4
15 evil (ventura/silva)
backtracks: 0
846 529 173
539 714 286
271 836 495

687 945 312
915 273 864
324 681 759

192 357 648
753 468 921
468 192 537

Rules used: 4
16 Evil (Wei Wu/Wei Zhang)
backtracks: 0
581 376 942
697 241 538
342 859 176

174 923 685
863 415 729
259 768 413

428 697 351
716 532 894
935 184 267

Rules used: 4
17 easy (lynn)
backtracks: 0
251 794 836
894 365 271
637 182 549

179 538 624
548 627 193
326 419 758

463 251 987
912 873 465
785 946 312

Rules used: 4
18 easy (lynn)
backtracks: 0
561 237 894
394 185 276
728 469 351

153 642 987
246 798 513
987 351 642

619 873 425
832 514 769
475 926 138

Rules used: 4
19 easy (brewster)
backtracks: 0
836 192 547
497 563 281
152 784 693

325 479 168
748 621 935
619 358 472

971 845 326
564 237 819
283 916 754

Rules used: 4
20 easy (brewster)
backtracks: 0
754 316 892
326 985 417
918 427 563

297 658 134
431 792 685
685 143 729

843 569 271
569 271 348
172 834 956

Rules used: 4
21 medium (lynn)
backtracks: 0
958 261 473
763 594 812
412 387 956

134 758 629
297 136 584
685 942 731

876 423 195
521 679 348
349 815 267

Rules used: 4
22 medium (lynn)
backtracks: 0
389 412 576
452 367 189
167 958 423

273 846 915
814 529 367
695 173 248

536 281 794
928 734 651
741 695 832

Rules used: 4
23 medium (brewster)
backtracks: 0
216 974 853
354 168 279
978 523 164

463 215 798
581 739 426
792 486 531

629 851 347
845 397 612
137 642 985

Rules used: 4
24 medium (brewster)
backtracks: 0
573 261 984
961 548 372
842 397 165

615 789 243
294 136 758
738 452 619

326 875 491
489 613 527
157 924 836

Rules used: 4
25 Evil (Wei Wu/Wei Zhang)
backtracks: 0
948 672 135
325 149 786
671 853 942

536 298 471
897 514 263
214 367 859

152 786 394
483 925 617
769 431 528

Rules used: 4
26 hard (lynn)
backtracks: 1
294 381 657
386 527 914
571 964 823

723 458 196
869 132 745
145 679 382

638 215 479
912 746 538
457 893 261

Rules used: 4
27 evil (brewster)
backtracks: 1
486 972 513
532 168 974
791 354 682

169 237 458
247 895 361
358 641 297

874 529 136
625 713 849
913 486 725

Rules used: 4
28 evil (brewster)
backtracks: 3
315 469 287
872 135 946
964 728 513

289 513 674
536 247 198
741 896 325

128 654 739
697 382 451
453 971 862

Rules used: 4
29 Easy (hillier)
backtracks: 0
345 297 681
918 635 247
267 184 935

723 819 456
694 573 812
581 462 379

156 948 723
879 321 564
432 756 198

Rules used: 4
30 Easy  (hillier)
backtracks: 0
691 854 372
358 267 914
247 913 685

136 479 528
529 138 467
784 625 139

863 542 791
975 381 246
412 796 853

Rules used: 4
31 Medium  (hillier)
backtracks: 0
189 572 346
327 946 815
645 138 972

712 395 684
896 724 531
453 861 297

268 419 753
974 253 168
531 687 429

Rules used: 4
32 Hard  (hillier)
backtracks: 7
419 738 265
672 459 138
538 261 794

854 976 321
721 385 649
963 124 857

247 893 516
185 642 973
396 517 482

Rules used: 4
33 Hard  (hillier)
backtracks: 0
861 247 593
549 638 271
372 195 486

186 453 729
425 769 138
793 821 654

617 982 345
258 314 967
934 576 812

Rules used: 4
34 Evil  (hillier)
backtracks: 0
386 195 472
291 734 586
475 628 931

137 469 258
624 587 319
958 213 647

713 952 864
562 841 793
849 376 125

Rules used: 4
35 Medium (Kyle)
backtracks: 0
534 891 627
186 237 549
972 654 381

251 476 893
493 582 716
768 319 254

619 725 438
327 148 965
845 963 172

Rules used: 4
36 Medium (Kyle)
backtracks: 0
456 382 917
318 579 624
297 461 853

835 714 296
172 693 548
649 258 731

964 127 385
523 846 179
781 935 462

Rules used: 4
37 Hard (Kyle)
backtracks: 0
453 987 162
267 413 589
198 625 473

832 169 745
576 348 921
914 572 836

649 731 258
321 854 697
785 296 314

Rules used: 4
38 Hard (Kyle)
backtracks: 0
413 659 782
257 831 496
986 427 531

769 283 154
132 745 968
845 916 327

528 194 673
691 378 245
374 562 819

Rules used: 4
39 Evil (Kyle)
backtracks: 0
256 471 839
813 926 457
749 583 621

425 198 763
368 247 195
197 365 248

631 852 974
982 734 516
574 619 382

Rules used: 4
40 Evil (Kyle)
backtracks: 0
845 362 197
761 895 324
293 174 658

928 516 473
614 237 589
537 489 261

486 923 715
152 748 936
379 651 842

Rules used: 4
41 easy (Kyle)
backtracks: 0
645 823 197
871 659 423
932 471 685

358 916 742
729 534 861
416 782 359

163 245 978
584 197 236
297 368 514

Rules used: 4
42 easy (Kyle)
backtracks: 0
984 265 731
573 891 264
126 347 598

657 134 982
319 628 475
248 579 316

791 482 653
832 756 149
465 913 827

Rules used: 4
43 easy (Judah)
backtracks: 0
512 786 934
967 134 528
834 529 176

425 371 869
371 698 452
689 452 713

743 865 291
196 247 385
258 913 647

Rules used: 4
44 easy (Judah)
backtracks: 0
678 594 123
593 127 468
124 836 597

986 742 351
317 659 284
245 318 976

859 463 712
462 971 835
731 285 649

Rules used: 4
45 medium (Judah)
backtracks: 0
285 361 497
473 892 156
196 547 283

329 158 764
617 924 835
548 673 921

762 485 319
851 739 642
934 216 578

Rules used: 4
46 medium (Judah)
backtracks: 0
178 654 293
254 739 681
396 821 457

829 346 715
615 278 934
437 915 826

742 583 169
983 167 542
561 492 378

Rules used: 4
47 hard (Judah)
backtracks: 0
924 167 835
168 593 274
573 248 169

741 625 398
285 931 746
396 784 512

659 312 487
837 459 621
412 876 953

Rules used: 4
48 evil (Judah)
backtracks: 0
468 235 791
793 481 652
125 769 384

584 692 137
271 354 869
936 817 425

612 578 943
849 123 576
357 946 218

Rules used: 4
49 Easy (Chaitanya)
backtracks: 0
946 371 582
875 492 316
321 865 749

593 286 174
687 134 295
412 759 638

758 643 921
139 528 467
264 917 853

Rules used: 4
50 Easy (Chaitanya)
backtracks: 0
834 925 617
672 814 953
519 637 824

325 749 168
468 153 792
791 268 435

187 592 346
953 476 281
246 381 579

Rules used: 4
51 Evil (Chaitanya)
backtracks: 3
481 263 579
327 945 618
965 781 243

298 457 136
746 132 985
153 896 427

534 628 791
612 379 854
879 514 362

Rules used: 4
52 Evil (Chaitanya)
backtracks: 0
814 793 625
935 628 147
276 154 839

359 416 782
628 579 314
741 832 956

582 961 473
493 287 561
167 345 298

Rules used: 4
53 Hard (Chaitanya)
backtracks: 0
235 918 674
761 254 983
489 376 215

943 165 827
526 897 341
817 423 569

652 749 138
178 532 496
394 681 752

Rules used: 4
54 Medium (Chaitanya)
backtracks: 0
318 642 597
724 915 368
596 873 124

985 237 641
132 486 759
647 591 283

851 764 932
279 358 416
463 129 875

Rules used: 4
55 easy (mcdougal)
backtracks: 0
397 562 841
641 738 925
528 419 736

836 124 579
415 976 382
972 385 614

159 847 263
763 291 458
284 653 197

Rules used: 4
56 medium (mcdougal)
backtracks: 0
287 163 495
391 245 867
546 987 231

138 576 924
659 324 178
724 819 356

973 458 612
862 731 549
415 692 783

Rules used: 4
57 medium (mcdougal)
backtracks: 1
972 435 186
431 628 975
685 971 342

329 586 417
548 713 629
716 249 538

857 164 293
193 852 764
264 397 851

Rules used: 4
58 hard (mcdougal)
backtracks: 0
275 146 983
398 725 461
641 398 275

132 457 896
567 839 142
489 261 357

953 682 714
726 914 538
814 573 629

Rules used: 4
59 hard (mcdougal)
backtracks: 0
725 461 398
618 239 574
394 587 621

581 642 937
432 795 186
976 318 245

867 953 412
153 824 769
249 176 853

Rules used: 4
60 evil (mcdougal)
backtracks: 0
328 976 145
614 385 927
579 412 836

196 238 574
752 164 398
843 597 261

267 853 419
935 641 782
481 729 653

Rules used: 4
61 Easy (knudson)
backtracks: 0
428 176 359
159 348 627
376 592 841

542 869 173
963 417 582
817 235 964

731 654 298
295 783 416
684 921 735

Rules used: 4
62 Easy (knudson)
backtracks: 0
257 396 481
481 752 369
639 184 752

865 973 214
942 618 537
713 245 896

174 539 628
396 827 145
528 461 973

Rules used: 4
63 Medium (knudson)
backtracks: 0
728 413 965
165 987 234
943 256 718

539 142 876
684 379 521
271 865 493

492 531 687
817 624 359
356 798 142

Rules used: 4
64 Medium (knudson)
backtracks: 0
963 451 287
784 239 516
125 678 493

418 397 652
679 542 138
532 186 749

891 764 325
257 913 864
346 825 971

Rules used: 4
65 Hard (knudson)
backtracks: 0
457 183 692
263 957 814
819 264 735

591 678 243
348 521 976
672 349 581

935 712 468
186 495 327
724 836 159

Rules used: 4
66 Hard (knudson)
backtracks: 0
618 435 279
427 896 135
935 271 648

143 789 562
592 614 783
876 523 491

781 362 954
359 147 826
264 958 317

Rules used: 4
67 Easy (Wei Wu/Wei Zhang)
backtracks: 0
768 941 325
913 562 784
452 873 196

276 135 849
539 486 217
841 297 563

627 314 958
385 629 471
194 758 632

Rules used: 4
68 Easy (Wei Wu/Wei Zhang)
backtracks: 0
318 945 276
952 617 384
467 832 591

731 526 849
629 481 753
845 793 612

173 254 968
286 179 435
594 368 127

Rules used: 4
69 Easy (Wei Wu/Wei Zhang)
backtracks: 0
291 485 367
837 962 145
654 173 928

583 214 679
749 638 512
162 759 483

325 841 796
478 596 231
916 327 854

Rules used: 4
70 Easy (Wei Wu/Wei Zhang)
backtracks: 0
713 425 896
258 196 347
649 837 512

536 914 278
984 752 631
127 683 459

392 561 784
875 249 163
461 378 925

Rules used: 4
71 Medium (Wei Wu/Wei Zhang)
backtracks: 0
419 835 267
827 964 135
536 271 948

258 196 473
671 342 859
394 758 621

742 519 386
963 487 512
185 623 794

Rules used: 4
72 Medium (Wei Wu/Wei Zhang)
backtracks: 0
924 387 561
137 965 248
568 142 397

752 436 819
841 759 623
693 821 475

475 298 136
289 613 754
316 574 982

Rules used: 4
73 Medium (Wei Wu/Wei Zhang)
backtracks: 0
439 681 572
768 542 139
152 397 846

387 219 465
521 468 397
694 753 218

916 824 753
275 136 984
843 975 621

Rules used: 4
74 Medium (Wei Wu/Wei Zhang)
backtracks: 0
378 691 452
261 354 789
459 287 631

147 865 923
982 143 576
536 972 814

814 739 265
793 526 148
625 418 397

Rules used: 4
75 Hard (Wei Wu/Wei Zhang)
backtracks: 3
316 827 594
487 965 123
952 314 678

543 671 289
628 493 751
791 582 436

174 238 965
865 749 312
239 156 847

Rules used: 4
76 Hard (Wei Wu/Wei Zhang)
backtracks: 7
891 243 765
536 798 421
427 165 983

269 514 378
348 679 152
715 382 694

182 936 547
653 427 819
974 851 236

Rules used: 4
77 Hard (Wei Wu/Wei Zhang)
backtracks: 1
729 368 154
153 249 867
684 751 239

597 623 481
461 895 723
832 174 596

316 482 975
948 537 612
275 916 348

